/a/airfield 0.32915766471197333 0.44033838595189556 0.047910236308006796 0.18259371302812433 0
/a/airplane_cabin 0.5523586492582782 0.06048253014889032 0.17987636838362162 0.2072824522092098 1
/a/airport_terminal 0.2715446281955573 0.47474987049646156 0.11630993415574901 0.1373955671522322 2
/a/alcove 0.02077255041284436 0.02889774441939063 0.25500885603199713 0.6953208491357679 3
/a/alley 0.16814897497132614 0.06128129534307819 0.578477847999402 0.19209188168619362 4
/a/amphitheater 0.12085680157349533 0.6999645863390569 0.01366420466094159 0.1655144074265061 5
/a/amusement_arcade 0.1790431474595694 0.00603656452292216 0.44452909873256635 0.3703911892849421 6
/a/amusement_park 0.07265911985361048 0.2544918604247558 0.5267255423645466 0.14612347735708706 7
/a/apartment_building/outdoor 0.36045088668907155 0.24148147121170677 0.3257716634311812 0.0722959786680405 8
/a/aquarium 0.25904639079956726 0.04211171147472461 0.665638330321377 0.03320356740433101 9
/a/aqueduct 0.16132285927984977 0.17038541574711846 0.5320752036677503 0.13621652130528145 10
/a/arcade 0.21204334663274368 0.35885539870301775 0.2715342536923325 0.1575670009719061 11
/a/arch 0.033761290183599635 0.820655674011609 0.07033969844234589 0.07524333736244546 12
/a/archaelogical_excavation 0.13162154079604294 0.09760598334878072 0.25173801397301354 0.5190344618821627 13
/a/archive 0.1286435561357882 0.1387143025622863 0.6009123688109834 0.13172977249094203 14
/a/arena/hockey 0.21326999896512788 0.48844879495941323 0.20613618557790445 0.0921450204975544 15
/a/arena/performance 0.18070263210193593 0.3190658488102403 0.32019158234780837 0.18003993674001542 16
/a/arena/rodeo 0.037547783493113926 0.046730634841857764 0.7681171274034639 0.14760445426156443 17
/a/army_base 0.4807782911014399 0.07368121803576307 0.14048267161393588 0.30505781924886116 18
/a/art_gallery 0.170725938706896 0.03281351006867605 0.7225036054325108 0.07395694579191713 19
/a/art_school 0.17423173589298563 0.05846666231418702 0.6152187154619342 0.1520828863308932 20
/a/art_studio 0.25844146623128744 0.06107067353660439 0.2057154824937886 0.4747723777383195 21
/a/artists_loft 0.1961926615306466 0.07212131655290016 0.6210333806624044 0.11065264125404879 22
/a/assembly_line 0.13315956917563568 0.41043989461895886 0.10429254735699994 0.35210798884840555 23
/a/athletic_field/outdoor 0.03802470233777589 0.10680802268474902 0.4920054223273767 0.3631618526500984 24
/a/atrium/public 0.5596257719568617 0.24342242195544897 0.06892376881057398 0.12802803727711523 25
/a/attic 0.1837025179840485 0.33024142523713657 0.1992596848785387 0.28679637190027635 26
/a/auditorium 0.094414208877774 0.3173288692441001 0.450443049091084 0.13781387278704182 27
/a/auto_factory 0.9107759902434408 0.034011143913586825 0.028419372088588482 0.026793493754383953 28
/a/auto_showroom 0.5422466893685894 0.27099081622894733 0.05242904597478847 0.13433344842767478 29
/b/badlands 0.02847799216437718 0.16966960656729746 0.03878893232293839 0.7630634689453869 30
/b/bakery/shop 0.3059515368529818 0.3081108153981849 0.24587800604332616 0.14005964170550714 31
/b/balcony/exterior 0.23730685066397433 0.5173019007074612 0.09321464913280383 0.15217659949576062 32
/b/balcony/interior 0.1898728029726096 0.14112958189705152 0.36541215274684763 0.3035854623834911 33
/b/ball_pit 0.12713993883411398 0.20311689677428252 0.03679989770450632 0.6329432666870972 34
/b/ballroom 0.047349616280316975 0.03413624858567083 0.6164087803438211 0.3021053547901911 35
/b/bamboo_forest 0.7633197461720231 0.01235116526150052 0.07871178101950482 0.14561730754697153 36
/b/bank_vault 0.037576075827908464 0.5743471312984247 0.15866293025836423 0.22941386261530253 37
/b/banquet_hall 0.02800487415925701 0.6393428527274444 0.1565708099850712 0.17608146312822728 38
/b/bar 0.06513517073228621 0.09723166980971942 0.3410466009004232 0.49658655855757117 39
/b/barn 0.1550401764560062 0.20316466962540397 0.0949220850578674 0.5468730688607224 40
/b/barndoor 0.041688736190982886 0.06593239892129248 0.5271861387369774 0.36519272615074727 41
/b/baseball_field 0.5816178835945606 0.06436238189049266 0.14958319809057505 0.20443653642437182 42
/b/basement 0.6341041447582905 0.07615094445031302 0.21420216299491832 0.07554274779647824 43
/b/basketball_court/indoor 0.08909008489210367 0.40377418779957736 0.2865184230855765 0.22061730422274253 44
/b/bathroom 0.184462004395717 0.582082142206209 0.11875244963266766 0.11470340376540641 45
/b/bazaar/indoor 0.5204752247303475 0.1644643112762549 0.2297784933748017 0.08528197061859603 46
/b/bazaar/outdoor 0.1546577134731745 0.09682368709298171 0.04663047652506531 0.7018881229087783 47
/b/beach 0.3059480382215581 0.5154838657786698 0.15076721070636762 0.02780088529340463 48
/b/beach_house 0.5155877576293683 0.3112370353361627 0.05592966745979429 0.11724553957467478 49
/b/beauty_salon 0.1611265660691106 0.4816652835125402 0.17366516397703977 0.1835429864413095 50
/b/bedchamber 0.24116829896917502 0.46383327230198895 0.21066564375879943 0.08433278497003652 51
/b/bedroom 0.32170590430348256 0.2978138204991308 0.21773297057518667 0.1627473046221998 52
/b/beer_garden 0.14205144095099048 0.05160077631273424 0.6107069682089908 0.19564081452728446 53
/b/beer_hall 0.2475148372939975 0.10160722033521359 0.5429920313570273 0.10788591101376148 54
/b/berth 0.09890845154999348 0.44102729646168154 0.09249949312569787 0.36756475886262713 55
/b/biology_laboratory 0.12842893565474836 0.12618632311575975 0.24775108758051265 0.4976336536489792 56
/b/boardwalk 0.45140791573969613 0.12295168229965064 0.3044136494855955 0.12122675247505767 57
/b/boat_deck 0.10305074907465643 0.20126952763845612 0.5303362237283472 0.1653434995585403 58
/b/boathouse 0.14180333098091208 0.22335370253274453 0.47441202569980334 0.16043094078654002 59
/b/bookstore 0.03315541817808373 0.011427230919853508 0.39281469419222836 0.5626026567098344 60
/b/booth/indoor 0.18046091199401598 0.04523079706581429 0.6509347485688507 0.12337354237131905 61
/b/botanical_garden 0.2169284908058608 0.21674560669821202 0.21296492239163192 0.3533609801042952 62
/b/bow_window/indoor 0.16194918840719938 0.5581679016037613 0.08598196752245493 0.19390094246658443 63
/b/bowling_alley 0.10761223356454848 0.1367698744253408 0.629487523683518 0.12613036832659272 64
/b/boxing_ring 0.361258717271451 0.09507199980273884 0.5128961976551821 0.030773085270628258 65
/b/bridge 0.20791964030373217 0.04622702421851266 0.36630011802250195 0.3795532174552533 66
/b/building_facade 0.07655193105431841 0.11740671730837297 0.6496553183140762 0.15638603332323248 67
/b/bullring 0.20340421736747202 0.17383879891088622 0.4730348888809835 0.1497220948406583 68
/b/burial_chamber 0.2644837847238177 0.4224391025972757 0.1601909260219637 0.1528861866569429 69
/b/bus_interior 0.6164561429596904 0.09852268313260708 0.07186266518874239 0.21315850871896008 70
/b/bus_station/indoor 0.045251496204149075 0.13487680966606988 0.536566418120344 0.28330527600943706 71
/b/butchers_shop 0.5443427651300051 0.08434667694918106 0.004702694110140149 0.3666078638106736 72
/b/butte 0.420292388603645 0.023749397301155013 0.07421721793682727 0.4817409961583727 73
/c/cabin/outdoor 0.12597025098558828 0.06009532316483556 0.4040338952629844 0.40990053058659187 74
/c/cafeteria 0.08693496988991647 0.4575342049466573 0.11710096845900018 0.33842985670442605 75
/c/campsite 0.6004628622037695 0.12993511079053796 0.11334559353448982 0.15625643347120255 76
/c/campus 0.1886406099364651 0.49472338665929694 0.06626780639151894 0.250368197012719 77
/c/canal/natural 0.412549568582229 0.14079250454574366 0.3519443436733628 0.09471358319866455 78
/c/canal/urban 0.27038151392636794 0.40935948616329637 0.15803844302213055 0.1622205568882052 79
/c/candy_store 0.5799525685000844 0.2706132911336777 0.0746099377813853 0.07482420258485278 80
/c/canyon 0.4970019085852769 0.30968330896085017 0.02526367761851964 0.16805110483535346 81
/c/car_interior 0.6595467232329049 0.08996003295829084 0.09443814927226286 0.15605509453654143 82
/c/carrousel 0.1907680662015259 0.10381144646278731 0.607115271515963 0.09830521581972387 83
/c/castle 0.20940858059016376 0.3573460702801024 0.1922713598988944 0.24097398923083935 84
/c/catacomb 0.2141190764173233 0.06716474592112877 0.2954425638067984 0.42327361385474943 85
/c/cemetery 0.06749218703747525 0.523224536210342 0.13192932768064214 0.27735394907154043 86
/c/chalet 0.1391030435414152 0.13703607856945016 0.0962902001922826 0.627570677696852 87
/c/chemistry_lab 0.04055363361678741 0.41206490013485014 0.16541812692699623 0.38196333932136617 88
/c/childs_room 0.43533967913311783 0.1609253331040464 0.04365211370494996 0.36008287405788586 89
/c/church/indoor 0.023025999018856522 0.12408445725905265 0.03575952226524316 0.8171300214568477 90
/c/church/outdoor 0.12200871134832521 0.5086818626343333 0.07132128344810511 0.29798814256923634 91
/c/classroom 0.25009318990222135 0.03612667260339219 0.4660561217520454 0.24772401574234115 92
/c/clean_room 0.12038317936169857 0.06005029353566975 0.09405424245477446 0.7255122846478571 93
/c/cliff 0.08782954537345473 0.04982840619286842 0.5922588620252374 0.2700831864084393 94
/c/closet 0.381763893764567 0.13682554858349372 0.19375094956626918 0.28765960808567004 95
/c/clothing_store 0.18588259546463803 0.16813762939460178 0.49208905342084985 0.1538907217199103 96
/c/coast 0.22743926587033972 0.22621176590029268 0.16742846444308457 0.37892050378628306 97
/c/cockpit 0.11134293379931046 0.051177614346435904 0.11308259029662181 0.7243968615576318 98
/c/coffee_shop 0.5912056233033443 0.10940373908050001 0.11816864527669281 0.1812219923394629 99
/c/computer_room 0.33085904527303694 0.17783070263519063 0.3901366109658677 0.10117364112590477 100
/c/conference_center 0.16326493762146613 0.49134073678626144 0.23030693523955167 0.11508739035272081 101
/c/conference_room 0.09539449106781664 0.3300969030671816 0.018811211824239216 0.5556973940407626 102
/c/construction_site 0.3019359843923882 0.18546064274633023 0.16158989589527356 0.35101347696600804 103
/c/corn_field 0.0647016464042998 0.5307555019727188 0.3106992417531905 0.09384360986979076 104
/c/corral 0.25856022232674014 0.22511270327741084 0.09008401913303285 0.4262430552628162 105
/c/corridor 0.4127358583991421 0.10114206390016389 0.32276361051186614 0.1633584671888277 106
/c/cottage 0.6413409791462077 0.1378753841537932 0.10010673451254948 0.12067690218744963 107
/c/courthouse 0.783426037616758 0.02504440234606026 0.1584416805478132 0.03308787948936853 108
/c/courtyard 0.19487856881506643 0.7056381864821926 0.06648555762802089 0.03299768707472017 109
/c/creek 0.5258570648072616 0.24143129633267124 0.16393310998720942 0.06877852887285782 110
/c/crevasse 0.10044639700701877 0.8145024514702309 0.025841509579581364 0.059209641943169085 111
/c/crosswalk 0.39774740711237994 0.2943470634849928 0.22583205539481493 0.0820734740078122 112
/d/dam 0.0940557043059944 0.18002116201416424 0.6868826922716279 0.039040441408213444 113
/d/delicatessen 0.22553920601857882 0.13493255361750447 0.0707021434703311 0.5688260968935857 114
/d/department_store 0.03447973718975282 0.06698366429570532 0.019605411256790953 0.8789311872577509 115
/d/desert/sand 0.0414970327593586 0.050494928027865336 0.4324466362842103 0.4755614029285657 116
/d/desert/vegetation 0.16074243784139755 0.5378394179243572 0.025216189735235598 0.2762019544990096 117
/d/desert_road 0.6577602261882131 0.08142699180491254 0.17136463458265805 0.08944814742421628 118
/d/diner/outdoor 0.17024971321734342 0.029204197198447777 0.5938686981493826 0.2066773914348262 119
/d/dining_hall 0.1077968003372731 0.6381033300763802 0.08419606550260926 0.1699038040837376 120
/d/dining_room 0.11028564515896211 0.19576296179424318 0.17870005657353588 0.5152513364732588 121
/d/discotheque 0.30930685141616343 0.30342802855271966 0.10888005879199693 0.27838506123911994 122
/d/doorway/outdoor 0.09732040833684413 0.20364753046876719 0.1772009785232521 0.5218310826711365 123
/d/dorm_room 0.3772697908275607 0.4190611271684512 0.10788903924103792 0.09578004276295023 124
/d/downtown 0.2534196870468517 0.36398697888800496 0.23881005347358766 0.14378328059155568 125
/d/dressing_room 0.3007438656421095 0.16490538396371543 0.18539612218123447 0.34895462821294065 126
/d/driveway 0.2773027530574017 0.24856838051423305 0.20004633376245606 0.27408253266590915 127
/d/drugstore 0.3861649205390538 0.13646912295939811 0.2949357350246451 0.182430221476903 128
/e/elevator/door 0.1164042101083752 0.19910600278856053 0.29886648880017136 0.38562329830289294 129
/e/elevator_lobby 0.6627308321167624 0.11517425542139105 0.19385422849174277 0.028240683970103722 130
/e/elevator_shaft 0.08567204752067004 0.2429217336877476 0.464825143611386 0.2065810751801963 131
/e/embassy 0.04303276736412086 0.11528326152815901 0.15280258246755288 0.6888813886401672 132
/e/engine_room 0.018627217403042875 0.4952469183656176 0.4084386105057991 0.07768725372554032 133
/e/entrance_hall 0.15287586961843413 0.11633156907462996 0.03455770806782005 0.6962348532391158 134
/e/escalator/indoor 0.14897312133303925 0.4291583187642077 0.32367339453202687 0.09819516537072619 135
/e/excavation 0.22413714599268608 0.40630561272532284 0.25390367464795466 0.11565356663403635 136
/f/fabric_store 0.5291215780252239 0.10479413417200674 0.17997208885996016 0.18611219894280925 137
/f/farm 0.2719596583843778 0.12064905389143651 0.08415188272980548 0.5232394049943802 138
/f/fastfood_restaurant 0.08654790499396958 0.03684322989459809 0.7816560932613067 0.0949527718501255 139
/f/field/cultivated 0.10276594481007126 0.0626492875394972 0.226936539289918 0.6076482283605137 140
/f/field/wild 0.018821843378637557 0.38129893699265627 0.027148697122532893 0.5727305225061732 141
/f/field_road 0.3148938738515203 0.28656769907959057 0.3525304625416248 0.04600796452726441 142
/f/fire_escape 0.7686586313381621 0.021717743532781542 0.16955757195697135 0.04006605317208491 143
/f/fire_station 0.3805579344626675 0.024589606186784057 0.49933109820699195 0.09552136114355647 144
/f/fishpond 0.25396299912073256 0.038604381222146336 0.1160378805277618 0.5913947391293594 145
/f/flea_market/indoor 0.09492721084693412 0.06262260301408909 0.6103089015641306 0.23214128457484612 146
/f/florist_shop/indoor 0.2846233781088334 0.13300426222093378 0.49794058895398136 0.08443177071625134 147
/f/food_court 0.04809272400595639 0.5472205871948786 0.15155824993964437 0.25312843885952074 148
/f/football_field 0.4427555780111666 0.08165550818244041 0.13358993612598338 0.3419989776804095 149
/f/forest/broadleaf 0.12554665211064148 0.08661546681926859 0.3767581847609859 0.411079696309104 150
/f/forest_path 0.2696823524375331 0.4428093568808482 0.23657826405937768 0.050930026622241165 151
/f/forest_road 0.34189739285264625 0.047913979156363584 0.32162046044157455 0.2885681675494157 152
/f/formal_garden 0.02240206614080864 0.37639752239435115 0.4648962083185391 0.13630420314630115 153
/f/fountain 0.3901568890534074 0.10579083916275098 0.11224884940295722 0.3918034223808844 154
/g/galley 0.5683042084065065 0.05750307235141363 0.02408161685136156 0.3501111023907183 155
/g/garage/indoor 0.44589984455020626 0.07332330189673904 0.42978807592645907 0.050988777626595774 156
/g/garage/outdoor 0.08231219348471898 0.5639509503450846 0.22150443396570174 0.13223242220449458 157
/g/gas_station 0.2795923640424313 0.22015092420322596 0.44697244406615044 0.05328426768819232 158
/g/gazebo/exterior 0.332325213258115 0.02624592229441323 0.3282945054424999 0.3131343590049717 159
/g/general_store/indoor 0.37202300498924484 0.45270304327275424 0.11345220591570791 0.061821745822293 160
/g/general_store/outdoor 0.39611047325886073 0.3263920040845935 0.2173307064496363 0.06016681620690946 161
/g/gift_shop 0.07834371602510805 0.06687509878348326 0.8355892941755108 0.01919189101589791 162
/g/glacier 0.02327063041647879 0.01910374613540767 0.06851654592563307 0.8891090775224805 163
/g/golf_course 0.6146625814467823 0.29945987825666615 0.008773160770544627 0.0771043795260069 164
/g/greenhouse/indoor 0.08911112104540606 0.396006567815078 0.4420529128051346 0.07282939833438146 165
/g/greenhouse/outdoor 0.034730981477665186 0.8121457454557675 0.12285060296710008 0.030272670099467207 166
/g/grotto 0.2554820097293899 0.18693598319747617 0.3363796424535766 0.22120236461955736 167
/g/gymnasium/indoor 0.2295238268825075 0.23092640487981173 0.31318054918371024 0.2263692190539705 168
/h/hangar/indoor 0.14032992074565157 0.18708088321339386 0.5975364170808276 0.07505277896012702 169
/h/hangar/outdoor 0.0680972583103706 0.34070689240205926 0.10488920076531136 0.4863066485222588 170
/h/harbor 0.038045634060333046 0.6321083809457633 0.21327438760392642 0.11657159738997731 171
/h/hardware_store 0.1259987770063198 0.16316561933859278 0.6261557387231748 0.08467986493191261 172
/h/hayfield 0.23492914413671734 0.039216151820365815 0.6354018410531787 0.09045286298973818 173
/h/heliport 0.09946697224545824 0.4082773398828316 0.06404857249988169 0.4282071153718284 174
/h/highway 0.3061099172417469 0.4025988562046172 0.2497685150869002 0.04152271146673572 175
/h/home_office 0.22791033920899556 0.06840654352961721 0.2708308874335085 0.43285222982787863 176
/h/home_theater 0.5650555357569992 0.20310228955753493 0.05725667473205999 0.174585499953406 177
/h/hospital 0.016064040740257263 0.27394501605242255 0.24088468563608828 0.46910625757123187 178
/h/hospital_room 0.0390592275035488 0.051912898922244224 0.23134064983450456 0.6776872237397024 179
/h/hot_spring 0.4469546656019847 0.10957226771047912 0.14393092650280942 0.2995421401847268 180
/h/hotel/outdoor 0.35503436694784424 0.06093927325299157 0.08210257930580608 0.5019237804933581 181
/h/hotel_room 0.5117273844200023 0.12378321997984419 0.2814163383837966 0.08307305721635679 182
/h/house 0.7013615582393077 0.1072582450281119 0.08517637733019853 0.10620381940238191 183
/h/hunting_lodge/outdoor 0.46336376348146596 0.21179147113589708 0.06846340946637601 0.256381355916261 184
/i/ice_cream_parlor 0.170466855017572 0.1965677573100174 0.5979719253627025 0.0349934623097081 185
/i/ice_floe 0.5403979603687474 0.16706223266244058 0.20277350480530318 0.08976630216350877 186
/i/ice_shelf 0.5123595674117111 0.07764554062855678 0.35395956648500176 0.056035325474730474 187
/i/ice_skating_rink/indoor 0.17761698555667982 0.6410612386012445 0.07743114511640431 0.1038906307256712 188
/i/ice_skating_rink/outdoor 0.35284816718684014 0.16142002549140694 0.15796602581805483 0.3277657815036982 189
/i/iceberg 0.09701823729251921 0.2984007902030079 0.44198323296675984 0.16259773953771306 190
/i/igloo 0.1361083115578609 0.14955537876467553 0.23649836661808055 0.47783794305938304 191
/i/industrial_area 0.055743166005372234 0.01897371585143058 0.8624326585144764 0.0628504596287207 192
/i/inn/outdoor 0.23795285862276483 0.44696083932502406 0.0631040664900727 0.2519822355621385 193
/i/islet 0.24208312155500028 0.10274764158948212 0.24978966304374994 0.40537957381176765 194
/j/jacuzzi/indoor 0.22485520489284827 0.06483166222509752 0.6193694371859072 0.09094369569614703 195
/j/jail_cell 0.6042272638906052 0.05646987480428767 0.30236788877546966 0.036934972529637566 196
/j/japanese_garden 0.07590503131092623 0.027608004815808808 0.36559625064835183 0.5308907132249132 197
/j/jewelry_shop 0.40049528003708573 0.10508629805719698 0.08233278484636603 0.4120856370593512 198
/j/junkyard 0.3299101724002165 0.1472441040516666 0.3460003568385309 0.1768453667095859 199
/k/kasbah 0.28485821226508 0.10327084340338033 0.3547021743589737 0.2571687699725658 200
/k/kennel/outdoor 0.11722133155270367 0.29313303121655604 0.4035965553247132 0.18604908190602712 201
/k/kindergarden_classroom 0.03395016076817398 0.023212152523201728 0.3055489045470897 0.6372887821615345 202
/k/kitchen 0.07148731858870425 0.11360906011055578 0.1503496147769192 0.6645540065238208 203
/l/lagoon 0.8871444329213473 0.01060373103756761 0.07401890361520717 0.02823293242587806 204
/l/lake/natural 0.06710720746005078 0.8429051432378895 0.04624661672845357 0.043741032573606314 205
/l/landfill 0.3728249472536954 0.379039955513855 0.09125168707488913 0.15688341015756044 206
/l/landing_deck 0.21139772068503365 0.19507341248706034 0.2678975366374422 0.3256313301904639 207
/l/laundromat 0.5374905550857141 0.019793382182899243 0.1219765750198687 0.3207394877115179 208
/l/lawn 0.07796939948186353 0.38815046897592664 0.18495681195833097 0.34892331958387884 209
/l/lecture_room 0.5750360062406323 0.031490355169679574 0.13023346557681514 0.263240173012873 210
/l/legislative_chamber 0.1349657268311385 0.25900886397013706 0.09825102460019094 0.5077743845985334 211
/l/library/indoor 0.25251523900284056 0.16962194924163915 0.20404069269236477 0.37382211906315543 212
/l/library/outdoor 0.21169984535430295 0.2648079902916573 0.2676483827175796 0.2558437816364602 213
/l/lighthouse 0.030281475295119164 0.36872649195457075 0.18604983723720303 0.414942195513107 214
/l/living_room 0.5853303507922396 0.13027721050641325 0.0995016431598177 0.18489079554152937 215
/l/loading_dock 0.45663116141420584 0.10185242465972114 0.049504864016977825 0.3920115499090952 216
/l/lobby 0.5110597462704461 0.0352346327332165 0.24232990518189995 0.21137571581443737 217
/l/lock_chamber 0.27104479933311576 0.6201272142160014 0.04982273254655368 0.05900525390432916 218
/l/locker_room 0.5629027005258261 0.2033656694477063 0.17749657213442072 0.05623505789204699 219
/m/mansion 0.14444005152028594 0.2607089130068153 0.272586619923969 0.32226441554892976 220
/m/manufactured_home 0.4361148440752628 0.25832833576302 0.22102740572161453 0.0845294144401027 221
/m/market/indoor 0.1305658098851403 0.5809300193782665 0.19832038308944347 0.09018378764714959 222
/m/market/outdoor 0.12947120124365427 0.3347551791711803 0.29015954081454937 0.24561407877061606 223
/m/marsh 0.13502825740462254 0.6436742180062311 0.1388549715666922 0.08244255302245417 224
/m/martial_arts_gym 0.4066302401311014 0.3074078178556833 0.21072567174108983 0.07523627027212546 225
/m/mausoleum 0.23230859688997513 0.08914533806496568 0.558208914722502 0.12033715032255722 226
/m/medina 0.25989401855119587 0.016834338183001795 0.7032194174214386 0.020052225844363714 227
/m/mezzanine 0.6720821359361694 0.152052646695425 0.11475760744257177 0.061107609925833764 228
/m/moat/water 0.06674417577214262 0.05086551131188229 0.8509530907266681 0.03143722218930698 229
/m/mosque/outdoor 0.2100566436727952 0.13378007128354075 0.2471078181410493 0.4090554669026147 230
/m/motel 0.19841072308880184 0.3701331123162419 0.3880347064642921 0.0434214581306641 231
/m/mountain 0.20441163948667598 0.18844932274748563 0.5598155531667522 0.04732348459908606 232
/m/mountain_path 0.45270999434507 0.15973882991245272 0.32210246307662915 0.06544871266584827 233
/m/mountain_snowy 0.10805596315611642 0.4437077304387438 0.43871978712979115 0.00951651927534867 234
/m/movie_theater/indoor 0.24028663262332045 0.16526950551394518 0.4428170854818861 0.15162677638084826 235
/m/museum/indoor 0.008358289403916374 0.8092698079044204 0.09938852177370269 0.08298338091796054 236
/m/museum/outdoor 0.7328962552099432 0.07143839684807525 0.1151121216455712 0.08055322629641046 237
/m/music_studio 0.7332314253210251 0.12276756913518973 0.027324020418370863 0.1166769851254142 238
/n/natural_history_museum 0.07754121841248666 0.0700088186666256 0.5278000148301414 0.32464994809074627 239
/n/nursery 0.03086174872877272 0.2644195412075704 0.6691895534683632 0.03552915659529378 240
/n/nursing_home 0.035255072748878125 0.3350182685392285 0.06334588148075732 0.566380777231136 241
/o/oast_house 0.18230256424082097 0.20989129610197166 0.17055908799708738 0.43724705166012 242
/o/ocean 0.3423036951511217 0.09293328919676833 0.12098349507729786 0.4437795205748122 243
/o/office 0.5470697271705247 0.15685441268386124 0.11962152274613357 0.17645433739948047 244
/o/office_building 0.4596598102742436 0.24769674036066922 0.1288373332429947 0.16380611612209256 245
/o/office_cubicles 0.10869769046856305 0.6442103963486873 0.05331343213869159 0.19377848104405804 246
/o/oilrig 0.06070463887869685 0.18811947390004838 0.0993269970331654 0.6518488901880893 247
/o/operating_room 0.0676299716012414 0.5352297918476685 0.10073258759239784 0.29640764895869226 248
/o/orchard 0.15279558428612453 0.5284271123689362 0.12736442721746138 0.1914128761274778 249
/o/orchestra_pit 0.1486952345405904 0.0522574438840776 0.12004485003346588 0.679002471541866 250
/p/pagoda 0.3192021645168913 0.06251631383087729 0.013272210333953826 0.6050093113182776 251
/p/palace 0.08779061145589499 0.4876834522447983 0.3807053400766454 0.04382059622266126 252
/p/pantry 0.11366800427788129 0.0660718204816282 0.6520809629096475 0.16817921233084313 253
/p/park 0.05702975936452403 0.46474890407016944 0.19176371102064738 0.28645762554465914 254
/p/parking_garage/indoor 0.1789563734185461 0.23459880497192084 0.5570693471010955 0.029375474508437648 255
/p/parking_garage/outdoor 0.4196007544508291 0.39943998831792477 0.08464772123095055 0.09631153600029548 256
/p/parking_lot 0.38257469209993844 0.0595260268516331 0.14992336704417106 0.4079759140042575 257
/p/pasture 0.09049417646693762 0.5184374765327355 0.19084899876659375 0.2002193482337331 258
/p/patio 0.09690801511651316 0.26231549757718486 0.5307471065457258 0.11002938076057625 259
/p/pavilion 0.18850869804070933 0.050992696712927596 0.35063488294888306 0.40986372229748 260
/p/pet_shop 0.0776009495259726 0.3203988536142529 0.4668467179468374 0.13515347891293694 261
/p/pharmacy 0.38049394162166555 0.2849972245206466 0.24841512539672125 0.0860937084609666 262
/p/phone_booth 0.023433178418002566 0.36672698646617835 0.13536073874573548 0.4744790963700837 263
/p/physics_laboratory 0.08202285088601702 0.32500217729740993 0.4201106526945676 0.17286431912200548 264
/p/picnic_area 0.25480926809515114 0.023843433424196238 0.5948082950189066 0.12653900346174596 265
/p/pier 0.02820081268062358 0.4351346318118481 0.5090205752818509 0.02764398022567746 266
/p/pizzeria 0.13555528195818559 0.6439054894406677 0.0645354896347906 0.156003738966356 267
/p/playground 0.25153779341857035 0.31309532542430557 0.2507114257867758 0.18465545537034822 268
/p/playroom 0.1017722374053839 0.24162214287322253 0.3388218184889757 0.31778380123241784 269
/p/plaza 0.4608048450634851 0.19003174779446977 0.04549958411890879 0.3036638230231363 270
/p/pond 0.14171933967309278 0.5357308830854205 0.04005652961083468 0.28249324763065203 271
/p/porch 0.43647904917492475 0.12038482612819239 0.12005491908847322 0.32308120560840964 272
/p/promenade 0.2715246998406765 0.14584577584786904 0.37132354453825217 0.2113059797732022 273
/p/pub/indoor 0.04444948316647032 0.4210611856480914 0.16546078165694236 0.36902854952849584 274
/r/racecourse 0.5104730872603577 0.1087881281091574 0.10553131073111467 0.2752074738993701 275
/r/raceway 0.10149577281176739 0.3549823813577506 0.47748551908265285 0.06603632674782922 276
/r/raft 0.4704104150039854 0.04418924029947303 0.3315185447635838 0.15388179993295772 277
/r/railroad_track 0.4842668547799938 0.3159834228972466 0.11309406947146268 0.08665565285129685 278
/r/rainforest 0.042193445883993604 0.27803957614150515 0.27953788118351397 0.4002290967909874 279
/r/reception 0.11009032035662387 0.29731903173742796 0.5077545707572816 0.08483607714866666 280
/r/recreation_room 0.08025427434480209 0.013029447582247061 0.04909817465796607 0.8576181034149847 281
/r/repair_shop 0.12399669387671702 0.13051652211815423 0.1775982480733035 0.5678885359318253 282
/r/residential_neighborhood 0.11855401853643512 0.6889728634573761 0.12710044626119135 0.06537267174499747 283
/r/restaurant 0.32773510614941626 0.0648017364063836 0.5329219242748613 0.074541233169339 284
/r/restaurant_kitchen 0.07184792259391218 0.13525704082612264 0.2921378141705011 0.5007572224094641 285
/r/restaurant_patio 0.7274342769064095 0.08085163788470376 0.05425332867981697 0.13746075652906978 286
/r/rice_paddy 0.07565204156924327 0.05726993033400463 0.05967869842009346 0.8073993296766587 287
/r/river 0.44869070582666043 0.3349506262743104 0.1134437341567228 0.1029149337423065 288
/r/rock_arch 0.0440954402712442 0.0743112980374766 0.5011029140269434 0.3804903476643358 289
/r/roof_garden 0.6250628111896552 0.13342995741333918 0.1095618638535416 0.13194536754346406 290
/r/rope_bridge 0.03671998065511993 0.06930583429985919 0.7701642238737115 0.12380996117130938 291
/r/ruin 0.14719978575565298 0.4504078805763837 0.09933265574124879 0.3030596779267145 292
/r/runway 0.6934736890291383 0.0509319528500106 0.07859392383737027 0.1770004342834808 293
/s/sandbox 0.48160177972194534 0.05401949620656325 0.12742734143549767 0.3369513826359936 294
/s/sauna 0.0772556160067153 0.7550076985154047 0.04090926580207261 0.12682741967580724 295
/s/schoolhouse 0.33949273644216427 0.11469023503207157 0.4487672649020245 0.09704976362373965 296
/s/science_museum 0.6598172776356397 0.07903839273894121 0.03624716377453247 0.22489716585088662 297
/s/server_room 0.3994136367014275 0.26640577850382735 0.20111405230649965 0.13306653248824554 298
/s/shed 0.2440066006468899 0.527116723260739 0.01052231325186899 0.21835436284050216 299
/s/shoe_shop 0.0886471079357082 0.40333537964041094 0.09489795304312804 0.41311955938075284 300
/s/shopfront 0.24273259875280565 0.41203836462731197 0.11129332274419111 0.2339357138756913 301
/s/shopping_mall/indoor 0.47403476676771605 0.06314574725048248 0.23536395058008971 0.22745553540171173 302
/s/shower 0.07507617755471986 0.16896375616990159 0.27365876790235744 0.48230129837302116 303
/s/ski_resort 0.3062291401955375 0.2635243195481158 0.2507525461027102 0.1794939941536366 304
/s/ski_slope 0.17260830081686263 0.3643210193778164 0.14555526902663818 0.3175154107786829 305
/s/sky 0.5159498735186944 0.3086271246228209 0.10470302664368154 0.07071997521480314 306
/s/skyscraper 0.021257802662211625 0.372878642233803 0.43143811111783587 0.17442544398614931 307
/s/slum 0.09027722491412875 0.11322640545546415 0.06810163399654173 0.7283947356338654 308
/s/snowfield 0.3625036888881894 0.2602364945076486 0.17674430692196194 0.20051550968220003 309
/s/soccer_field 0.04039510941766733 0.19243431658284096 0.06166939145544008 0.7055011825440516 310
/s/stable 0.07033730566753438 0.5247365844897858 0.14395031240000325 0.2609757974426767 311
/s/stadium/baseball 0.18312658254277261 0.7484175668485259 0.0478510422720669 0.020604808336634417 312
/s/stadium/football 0.20613652219236 0.44231432661542935 0.27367660092564433 0.07787255026656631 313
/s/stadium/soccer 0.12011582924398036 0.21559907224392771 0.16086122502358652 0.5034238734885055 314
/s/stage/indoor 0.07499657968387112 0.1109837377735613 0.18006656796250387 0.6339531145800638 315
/s/stage/outdoor 0.008204397795666413 0.7983457825922595 0.15855403340830054 0.03489578620377355 316
/s/staircase 0.42659930545145347 0.10406028737525164 0.08249526194181951 0.38684514523147545 317
/s/storage_room 0.5418415062505471 0.37113332838565166 0.032982418373271205 0.054042746990530126 318
/s/street 0.2758023658541198 0.5055853700178062 0.06713749824387347 0.1514747658842004 319
/s/subway_station/platform 0.0766886288381382 0.48629456033783763 0.07639564437881347 0.3606211664452109 320
/s/supermarket 0.0845149676085827 0.34851565071581303 0.25681379725048514 0.31015558442511904 321
/s/sushi_bar 0.30669318465890855 0.14407036022444056 0.29835087658962106 0.2508855785270298 322
/s/swamp 0.24266414856838436 0.3976013230827907 0.1267608153058457 0.2329737130429792 323
/s/swimming_hole 0.20161911329503773 0.3271140155995095 0.3232848571925 0.14798201391295282 324
/s/swimming_pool/indoor 0.06702643238220861 0.18903372449458777 0.11539114671173538 0.6285486964114683 325
/s/swimming_pool/outdoor 0.32599635848042513 0.2605766879291135 0.23154078299122213 0.1818861705992393 326
/s/synagogue/outdoor 0.07058585579342737 0.7224839896112945 0.0660955616864798 0.14083459290879827 327
/t/television_room 0.14686245799586847 0.2957739967846293 0.13581079697581558 0.4215527482436867 328
/t/television_studio 0.15946708612413704 0.4913720725899044 0.06770310277578877 0.28145773851016986 329
/t/temple/asia 0.12092860045838358 0.3593294807073654 0.3588656859912278 0.16087623284302316 330
/t/throne_room 0.336272511023665 0.18290867084500942 0.2803728543790678 0.20044596375225787 331
/t/ticket_booth 0.13912667711237242 0.07630524907820664 0.7621368650174392 0.022431208791981766 332
/t/topiary_garden 0.10661680039935409 0.17078243564441156 0.3644744338781356 0.3581263300780987 333
/t/tower 0.06868325991506338 0.08470794215846926 0.6937448333910009 0.15286396453546647 334
/t/toyshop 0.20637132039062026 0.04508230272771583 0.09478288822400209 0.6537634886576618 335
/t/train_interior 0.07072532891657926 0.169767542081028 0.6583166545717806 0.1011904744306121 336
/t/train_station/platform 0.10828796026952203 0.056578108513213085 0.7792162562791404 0.05591767493812447 337
/t/tree_farm 0.47801950346974126 0.050225893975927326 0.15892748983534888 0.3128271127189826 338
/t/tree_house 0.20829130809828916 0.33043472675477487 0.07603334459057778 0.3852406205563582 339
/t/trench 0.08288042390187064 0.21331349591146018 0.15821458834695096 0.5455914918397182 340
/t/tundra 0.09340889998913768 0.249213376803573 0.3473688150900167 0.31000890811727266 341
/u/underwater/ocean_deep 0.24582348196741677 0.2395219907770583 0.40006964895915065 0.11458487829637422 342
/u/utility_room 0.36141809832185867 0.41939193733352353 0.145917682007269 0.0732722823373488 343
/v/valley 0.7623373775452111 0.05972704910357768 0.05651164112232353 0.12142393222888773 344
/v/vegetable_garden 0.08664917326156844 0.32521058678427434 0.3779033637935295 0.2102368761606278 345
/v/veterinarians_office 0.42967628202149544 0.2159399403591848 0.2849811108792015 0.06940266674011811 346
/v/viaduct 0.5747919011951412 0.09395739640941718 0.23490189593669025 0.09634880645875132 347
/v/village 0.6221599745951247 0.11369309547001813 0.164264394374097 0.09988253556076007 348
/v/vineyard 0.06969568032590222 0.1708730447745841 0.4980315827409134 0.2613996921586003 349
/v/volcano 0.0806188061943694 0.5233145155871315 0.19429200364284843 0.20177467457565074 350
/v/volleyball_court/outdoor 0.29078620475651157 0.16773694951705156 0.25242336365968787 0.28905348206674897 351
/w/waiting_room 0.14214146712605008 0.16110084302897099 0.11834474295045724 0.5784129468945217 352
/w/water_park 0.28944232344546666 0.027787875884992073 0.35255265881967407 0.33021714184986717 353
/w/water_tower 0.16763633265711314 0.22848188606720532 0.23397177808101297 0.3699100031946687 354
/w/waterfall 0.08005732723845384 0.5486717349035526 0.27293899065087207 0.09833194720712156 355
/w/watering_hole 0.1476518172454062 0.026705306312548593 0.5833427526939723 0.24230012374807303 356
/w/wave 0.5670746569134867 0.05955022771844497 0.08927759301878462 0.28409752234928376 357
/w/wet_bar 0.314816846420362 0.16562716533455088 0.4561680446512781 0.06338794359380906 358
/w/wheat_field 0.017132538808159056 0.6176047889187903 0.12092322504396559 0.24433944722908507 359
/w/wind_farm 0.14268695975353865 0.3237597728726602 0.37023949692116503 0.16331377045263604 360
/w/windmill 0.07062665460392753 0.4239851027573364 0.35322143670137834 0.15216680593735768 361
/y/yard 0.23255398978738895 0.09730899145465934 0.19273605769266602 0.4774009610652858 362
/y/youth_hostel 0.026787954570554905 0.2728313288730761 0.19099939877628355 0.5093813177800854 363
/z/zen_garden 0.16915411236136754 0.08250547250873363 0.6866036908299689 0.06173672429992992 364
